positive/00000001.JPG 1 25 56 79 154
positive/000000010.png 1 125 91 112 240
positive/00000003.jpg 1 317 17 385 971
positive/00000004.jpg 1 167 120 390 919
positive/00000005.png 1 72 7 123 264
positive/00000006.jpg 1 315 44 374 925
positive/00000007.jpg 1 190 10 110 227
positive/00000008.jpg 1 591 59 310 693
positive/00000009.png 1 278 8 446 979
positive/0000001.png 1 98 56 154 279
positive/00000011.jpg 1 24 50 338 760
positive/00000012.jpg 1 98 1 506 994
positive/00000015.png 1 758 49 448 901
positive/0000002.png 1 273 41 153 324
positive/00000026.jpg 1 3 1 155 295
positive/0000003.png 1 106 46 146 317
positive/00000031.jpg 1 204 64 194 498
positive/00000034.jpg 1 127 14 189 427
positive/00000039.jpg 1 2 6 152 333
positive/0000004.png 1 215 97 154 346
positive/00000042.jpg 1 119 71 198 452
positive/00000044.png 1 295 68 211 496
positive/0000006.png 1 256 107 190 405
positive/00000061.jpg 1 154 39 502 978
positive/00000062.jpg 1 238 65 364 968
positive/00000066.jpg 1 43 24 109 253
positive/00000068.png 1 120 61 268 428
positive/0000007.png 1 95 8 162 358
positive/00000071.png 1 279 88 167 317
positive/00000074.jpg 1 272 26 467 955
positive/00000075.jpg 1 305 34 364 921
positive/00000079.jpg 1 186 61 177 432
positive/0000008.png 1 126 92 113 222
positive/00000081.jpg 1 45 30 99 251
positive/00000088.jpg 1 169 33 166 429
positive/00000092.jpg 1 128 7 121 271
positive/00000094.jpg 1 111 50 143 348
positive/00000100.png 1 68 36 71 156
positive/00000103.jpg 1 204 22 157 413
positive/00000109.jpg 1 195 60 176 415
positive/00000110.jpg 1 66 48 76 227
positive/00000112.jpg 1 78 29 190 441
positive/00000114.jpg 1 133 91 198 403
positive/00000115.jpg 1 198 81 305 813
positive/00000120.jpg 1 137 29 173 391
positive/00000121.jpg 1 153 1 395 996
positive/00000127.jpg 1 124 157 391 734
positive/00000129.jpg 1 102 26 238 497
positive/00000130.png 1 174 2 301 635
positive/00000136.png 1 296 81 132 312
positive/00000145.jpg 1 591 3 299 796
positive/00000149.jpg 1 165 46 175 440
positive/00000151.png 1 126 31 257 458
positive/00000152.png 1 156 9 105 227
positive/00000174.jpg 1 17 23 160 354
positive/00000175.jpg 1 79 27 240 347
positive/00000177.jpg 1 208 61 330 758
positive/00000178.jpg 1 151 32 196 429
positive/00000188.jpg 1 73 116 57 122
positive/00000189.jpg 1 121 108 90 233
positive/00000194.jpg 1 28 4 139 345
positive/00000195.jpg 1 416 267 320 772
positive/0000101.png 1 254 59 139 276
positive/0000102.png 1 164 26 220 492
positive/0000103.png 1 222 60 114 249
positive/0000104.png 1 272 71 192 398
positive/0000105.png 2 106 10 131 297 242 8 152 315
positive/0000106.png 1 231 85 77 172
positive/0000107.png 1 196 49 132 300
positive/0000108.png 1 160 23 232 715
positive/0000109.png 1 194 60 183 485
positive/0000110.png 2 130 9 193 442 402 3 197 452
positive/0000111.png 1 294 180 185 335
positive/0000112.png 1 247 71 59 115
positive/0000113.png 1 98 46 114 279
positive/0000114.png 1 149 31 273 557
positive/0000115.png 1 178 33 290 628
positive/0000116.png 1 171 41 165 505
