positive/pic1.png 1 117 126 473 244
positive/pic10.png 1 56 98 578 282
positive/pic100.png 1 98 44 467 394
positive/pic11.png 1 117 52 498 413
positive/pic12.png 1 85 123 520 297
positive/pic13.png 1 30 133 647 227
positive/pic14.png 1 138 118 422 271
positive/pic15.png 1 126 140 450 276
positive/pic16.png 1 121 90 471 348
positive/pic17.png 1 43 78 621 375
positive/pic18.png 1 87 90 537 334
positive/pic19.png 1 75 114 555 290
positive/pic2.png 1 136 77 402 333
positive/pic20.png 1 53 152 595 216
positive/pic21.png 1 100 61 450 390
positive/pic22.png 1 75 74 549 348
positive/pic23.png 1 163 125 387 225
positive/pic24.png 1 100 91 521 302
positive/pic25.png 1 107 145 504 230
positive/pic26.png 1 59 51 596 386
positive/pic27.png 1 87 103 536 267
positive/pic28.png 1 126 130 511 202
positive/pic29.png 1 145 187 428 128
positive/pic3.png 1 97 77 505 361
positive/pic30.png 1 82 124 554 248
positive/pic31.png 1 112 118 444 218
positive/pic32.png 1 157 93 379 327
positive/pic33.png 1 97 99 508 301
positive/pic34.png 1 106 125 495 236
positive/pic35.png 1 90 95 500 370
positive/pic36.png 1 67 113 552 286
positive/pic37.png 1 96 18 477 473
positive/pic38.png 1 85 18 477 469
positive/pic39.png 1 91 71 527 387
positive/pic4.png 1 8 22 681 475
positive/pic40.png 1 282 47 109 400
positive/pic41.png 1 54 70 587 357
positive/pic42.png 1 48 99 614 295
positive/pic43.png 1 32 102 625 308
positive/pic44.png 1 172 13 353 470
positive/pic45.png 1 134 38 427 421
positive/pic46.png 1 65 102 583 295
positive/pic47.png 1 75 128 569 260
positive/pic48.png 1 52 71 607 384
positive/pic49.png 1 125 30 484 454
positive/pic5.png 1 162 119 381 249
positive/pic50.png 1 114 29 489 456
positive/pic51.png 1 98 63 520 392
positive/pic52.png 1 267 30 187 437
positive/pic53.png 1 86 82 510 333
positive/pic54.png 1 128 20 445 445
positive/pic55.png 1 129 17 431 455
positive/pic56.png 1 86 82 518 343
positive/pic57.png 1 66 138 533 214
positive/pic58.png 1 117 110 463 266
positive/pic59.png 1 130 112 454 267
positive/pic6.png 1 66 118 563 302
positive/pic60.png 1 120 32 472 411
positive/pic61.png 1 129 65 479 354
positive/pic62.png 1 121 197 449 133
positive/pic63.png 1 129 103 443 325
positive/pic64.png 1 150 72 398 392
positive/pic65.png 1 168 67 398 397
positive/pic66.png 4 215 153 75 284 313 153 281 82 210 48 283 86 110 48 83 285
positive/pic67.png 8 108 45 60 202 180 119 59 202 254 187 60 204 325 260 61 206 397 261 204 61 326 188 203 60 252 118 204 63 180 47 202 60
positive/pic68.png 8 552 45 60 203 481 121 57 202 407 187 58 201 337 262 56 201 118 259 204 62 188 188 205 60 264 122 202 56 338 46 202 59
positive/pic69.png 6 285 32 56 204 353 109 57 201 426 180 57 200 284 396 202 56 207 323 203 60 142 248 200 60
positive/pic7.png 1 173 135 361 223
positive/pic70.png 6 318 32 55 203 248 109 59 199 175 179 58 204 174 394 202 61 248 322 203 61 315 248 204 59
positive/pic71.png 1 107 122 478 236
positive/pic72.png 1 226 26 218 443
positive/pic73.png 1 104 27 456 455
positive/pic74.png 1 111 30 469 452
positive/pic75.png 1 148 111 425 270
positive/pic76.png 2 97 134 348 127 259 279 345 123
positive/pic77.png 4 225 120 261 97 72 233 261 97 347 229 258 94 194 341 258 94
positive/pic78.png 6 306 89 216 79 178 182 216 82 53 278 213 80 152 367 213 77 279 273 216 79 408 179 216 79
positive/pic79.png 6 177 89 216 80 76 179 215 78 305 183 218 80 434 277 212 81 334 366 211 77 202 273 216 78
positive/pic8.png 1 229 191 237 129
positive/pic80.png 2 260 115 381 141 87 273 373 136
positive/pic81.png 1 92 128 517 238
positive/pic82.png 2 188 97 350 159 191 261 345 154
positive/pic83.png 4 60 108 285 128 61 249 284 129 352 248 288 128 354 107 285 132
positive/pic84.png 3 92 82 146 320 268 256 323 147 264 82 326 148
positive/pic85.png 8 136 50 196 88 139 153 192 92 139 254 86 195 241 253 87 194 344 357 193 87 344 252 192 89 350 48 86 191 453 46 87 196
positive/pic86.png 1 177 108 452 273
positive/pic87.png 1 59 54 586 312
positive/pic88.png 7 366 121 271 76 82 120 272 82 72 214 144 80 86 304 269 82 228 215 269 79 513 212 136 82 370 305 267 78
positive/pic89.png 17 93 65 121 65 226 62 124 69 363 64 123 65 503 67 117 61 564 143 61 63 287 145 256 61 80 143 193 65 89 215 121 65 228 217 116 68 361 218 122 68 499 218 125 65 143 300 263 59 417 297 124 69 495 374 123 62 361 377 119 62 222 375 118 63 82 373 121 65
positive/pic9.png 1 111 140 470 239
positive/pic90.png 1 61 112 579 297
positive/pic91.png 1 61 107 574 298
positive/pic92.png 1 109 78 480 383
positive/pic93.png 1 126 69 485 372
positive/pic94.png 2 0 0 0 0 102 141 490 232
positive/pic95.png 1 127 60 456 353
positive/pic96.png 10 456 115 188 55 247 115 189 53 38 114 190 54 149 183 188 56 356 183 191 55 452 252 192 54 250 252 185 55 40 250 189 56 148 318 190 55 357 317 189 56
positive/pic97.png 1 63 85 581 335
positive/pic98.png 1 58 84 574 328
positive/pic99.png 1 105 49 469 400
